1,1994,9.7,2510143
2,1993,9.6,1866133
3,1994,9.5,1885986
4,1997,9.4,1847420
5,1994,9.4,2047316
6,1997,9.6,1156404
7,2001,9.4,1967174
8,1993,9.5,964695
9,2010,9.3,1811459
10,2009,9.4,1243667
11,2014,9.4,1490622
12,1998,9.3,1412313
13,1998,9.3,1471867
14,2009,9.2,1647879
15,2008,9.3,1160744
16,2004,9.3,1145830
17,2002,9.3,1143019
18,2016,9.2,1642426
19,1995,9.2,1343968
20,2011,9.3,817543
21,1972,9.3,822581
22,2006,9.2,1331913
23,1957,9.6,413693
24,1988,9.2,1110988
25,2010,9.1,1591527
26,2011,9.3,902979
27,1987,9.3,729079
28,2008,9.2,912284
29,2017,9.1,1407834
30,1994,9.3,712388
31,2003,9.3,696871
32,2001,9.1,978108
33,1939,9.3,602421
34,2013,9.3,586213
35,2009,9.1,1159083
36,2016,9.0,1376547
37,2018,9.1,894486
38,2018,9.0,1832124
39,1957,9.4,407855
40,2004,9.1,873097
41,2012,9.1,1199989
42,2000,9.3,538602
43,1995,9.0,1070837
44,1986,9.1,723812
45,1988,9.2,599618
46,2002,9.1,814113
47,1992,9.1,753035
48,2002,9.2,649307
49,1953,9.1,842637
50,2002,9.2,503130
51,2010,8.9,1441692
52,2001,9.1,735968
53,2013,9.2,522347
54,1961(中国大陆) / 1964(中国大陆) / 1978(中国大陆),9.4,365934
55,1999,9.1,717853
56,1974,9.2,463944
57,1994,9.1,722298
58,1989,9.1,608292
59,2015,9.3,435773
60,1999,9.0,736852
61,2018,8.9,1373670
62,1994,9.1,522724
63,2001,9.0,663927
64,2006,9.2,488179
65,2008,9.0,857262
66,1995,8.9,910848
67,1998,9.1,524649
68,2008,9.1,462988
69,2000,8.9,849939
70,2016,8.8,1071442
71,1975,9.1,492091
72,1998,9.0,562611
73,1965,9.1,521334
74,1997,9.2,354226
75,2009,8.8,1217670
76,2009,9.3,325223
77,2006,8.9,746903
78,1991,8.9,754278
79,2011,8.9,697661
80,1984,9.2,358669
81,2010,8.8,831371
82,2004,8.8,811513
83,2014,8.9,781565
84,1997,8.9,614286
85,1994,8.9,721761
86,1997,9.0,544964
87,1936,9.3,254960
88,1995,8.8,835108
89,1999,8.8,836226
90,2003,8.8,700521
91,2006,8.9,629713
92,2003,8.9,596314
93,2003,8.8,752244
94,2006,9.0,377235
95,2012,9.1,328192
96,1990,8.7,936461
97,2017,8.9,605497
98,1995,8.9,509935
99,2013,8.9,477219
100,2004,8.7,915526
101,2011,8.9,457062
102,2004,8.9,580306
103,2005,8.8,628521
104,2001,8.7,879117
105,2008,8.9,568393
106,1993,8.7,922900
107,1999,8.9,480373
108,1997,8.9,462862
109,1994,8.8,692804
110,2014,9.0,369616
111,1994,8.8,538515
112,1995,8.8,559247
113,2000,9.1,314221
114,2012,8.8,621920
115,1999,8.9,507455
116,2002,8.8,606668
117,2014,8.7,795436
118,2014,8.7,877869
119,2004,9.1,265133
120,2015,9.0,330518
121,1993,9.1,258413
122,1987,8.8,640680
123,2004,8.9,461579
124,1995,8.9,400931
125,2010,8.9,475253
126,1996,8.9,452798
127,2011,8.9,454188
128,2010,8.7,661895
129,2004,8.8,479937
130,2009,8.9,382963
131,2013,8.8,537975
132,2003,8.8,500166
133,2001,8.7,572961
134,2010,8.8,605479
135,2011,8.8,536878
136,1993,8.7,559417
137,2010,8.6,838197
138,1990,9.0,312005
139,2005,8.7,682759
140,2010,8.9,441071
141,2016,8.6,1033688
142,2013,8.7,567068
143,2015,8.9,377274
144,1979,9.1,221123
145,2012,8.8,524838
146,2016,8.7,691322
147,1997,9.0,262017
148,2018,8.7,1197534
149,2019,8.8,1191586
150,2001,9.0,281866
151,1954,9.3,167655
152,1993,8.9,299112
153,2013,8.9,332477
154,2004,8.8,455255
155,2005,8.7,526245
156,2014,8.7,541461
157,2003,8.8,384160
158,2000,8.7,509313
159,2004,8.9,278724
160,2002,9.0,268011
161,2017,8.7,720780
162,2013,8.7,746040
163,1984,8.9,319005
164,2016,8.5,1206426
165,2007,8.8,369283
166,1986,8.6,457141
167,2015,8.8,518667
168,2013,8.8,392340
169,1991,8.8,360603
170,2014,8.7,437823
171,2010,8.7,522675
172,2000,8.7,533659
173,1960,9.0,231006
174,1987,9.2,167047
175,2015,8.8,375315
176,2014,8.8,380624
177,1994,8.6,548188
178,2014,8.7,496249
179,2008,8.6,661077
180,2003,8.6,631125
181,1994,8.6,512490
182,1999,8.9,270471
183,2018,8.7,722492
184,2013,8.8,320615
185,2012,8.7,463270
186,2002,8.6,540250
187,2010,8.6,712341
188,2010,8.9,293072
189,2006,8.5,704357
190,1988,8.7,367728
191,2007,8.6,630338
192,1988,8.7,358267
193,1952,9.1,183495
194,2009,8.5,703193
195,2004,8.6,576725
196,1989,8.7,398615
197,1968,8.9,264402
198,1931,9.3,120461
199,2004,8.8,260284
200,1966,8.9,214298
201,2001,8.7,384452
202,2007,8.7,364880
203,2015,8.7,263933
204,2010,8.4,885436
205,2017,8.7,369010
206,2016,8.6,427255
207,2017,8.6,495144
208,1950,8.8,269206
209,1991,8.9,235334
210,1991,8.8,301244
211,2015,8.8,333828
212,2003,8.7,381813
213,2011,8.5,715447
214,1993,8.6,452733
215,2003,9.0,169246
216,1992,8.6,385091
217,2015,8.6,456766
218,1940,8.8,241660
219,2018,8.7,509647
220,2009,8.6,413778
221,1982,9.5,85804
222,2008,8.8,237510
223,2006,8.7,322923
224,2013,8.5,470027
225,1997,8.8,240523
226,2003,8.6,344566
227,1994,8.8,254037
228,2005,8.7,312401
229,2004,8.7,309718
230,1994,9.5,87393
231,2008,8.6,408542
232,2019,8.7,869652
233,2009,9.1,144692
234,1990,8.5,437761
235,2006,8.6,340106
236,2002,8.6,371341
237,2007,8.9,181684
238,2006,8.5,486948
239,2013,8.6,372550
240,2016,8.5,470637
241,2011,9.1,144554
242,2016,8.4,734051
243,2008,8.6,411491
244,2015,8.5,612706
245,2015,8.8,244652
246,2015,8.4,434488
247,2016,8.3,808109
248,2008,8.7,239941
249,1996,8.6,376358
250,2001,8.8,208107
